0 223 231 232 243 244 293
1 229
2 236
3 111 182 223 266 278 291
4 153 176 181 218 238 242 245 248 269 270
5 244 253 288 292
6 290
7 263 279
8 249 253
9 168 196 201 202 223 224 245 247 255
10 243 245 283 284
11 223 224 225 226 242 243 245 247
12 189 248 275
13 100 162 169 172
14 221
15 195 293
16 183 217 248
17 220 268 241
18 171 190 253 276
19 189 210 242 245 249
20 70 99 157
21 224 225 226 233 234 242 247 251 256 152
22 120 216 226 227 243 245 293
23 170 185 229
24 70 222 223 225 226 232 234 238 249 266 282
25 195 256
26 45 60 148 164 248
27 193 195
28 214 121
29 271
30 146 149 154 185 243 245 248 249 275 290 200
31 174 206 215 219 260 261
32 153 225 242 244 248
33 227 54 58 61
34 225 231 258 283
35 64 223 231 232 233 243 249 256
36 199 253 262 265 268 286 289
37 171
38 229 278 281
39 162 227 231 240 262 265 268 274 276 286 287
40 43 224 282 283
41 164 210 217 220 276
42 169 170 240 258 263 284 292
43 232 233 269 289
44 183 193 248 290
45 192
46 180 222 294
47 18 69 148 285
48 154 175 220 230 249 286
49 172 194 234 240
50 263
51 72 117 189 196 225 243 254
52 225 252 272 285
53 80 113 189 264
54 155 193 213 223 269 285 288 293
55 147 178 224 237 242 273 278
56 117 170 248 272 284 28
57 163 169 194 240 263 274
58 258 281 284
59 151 246 248
60 32 64 170 215
61 171 209 274 291
62 164 242 253 286
63 153 180 184 195 214 222 243 246 247 249 259 287
64 151 196 224
65 210 240 263 290
66 151 153 193 207 227 271 289 205
67 248 275
68 72 194 242 245 248 263
69 247 287
70 245 246 252 266
71 39 138 155 161 195 208 214 243 212
72 232 278
73 151 223
74 151 196 253 269
75 59 183 197 233 291
76 171 246
77 184 245 248 275
78 163
79 71 170 178 179 228 239 245 248 249 250 255 260 283 284 294 67
80 220 250 286
81 147 178 187 235 238 243 247 248 263
82 146 246
83 160 176 190 217 242 253 290
84 170 171 210 289
85 145 146 151 193 195
86 223 224 227 233 240 246
87 154 275 280
88 148 206 208 213 282 292
89 126 183 208 286
90 220 245 275 284
91 96 174 215 223
92 224 287
93 242 245
94 166 169
95 170 231 243 248 274 284
96 229 236 242 258
97 233 248
98 187
99 160 169 209
100 187 227
101 2 109 170 174 183 194 242 248
102 246
103 193 214 243 247 248 262 167
104 247 256
105 139 146 161 176 271 291 293
106 174 196 208 233 245 269
107 239 256 259 290
108 263
109 44 90 161 209 221 238 248 274 5
110 0 223 224 226 247 249 252 255 257
111 263
112 229 237 248 275 290 291
113 208 216 229
114 275
115 135 189 244 245 252 259
116 30 149 220 223 253 275
117 0 19 196 209 220
118 170
119 156 242 244 248 268 292 294
120 204 223 284
121 278
122 157 158 160 173 186 268 292
123 209 229 258
124 203 206 239 267
125 203 240 269
126 51 93 97 98 99 102 220 236 244 248 276 279 198
127 197 221 227 233 249 260
128 24 48 71 84 95 130
129 94 126 142
130 68 77 93 97 130
131 59
132 4 46 65 87 96 98 99 100 115 117 130
133 82 90 96 109 141
134 0 31 68 117 133 137 138
135 0 75 82 93 105 111 126 138
136 94 96 111 155 184 202
137 137 145
138 76 84
139 71 79 143
140 0 46 47 51 63 68 77 96 118 128 129
141 16 60 64 72 99 144 145
142 38 40 64 80 95 123
143 48 77 87 94 95
144 7 18 74 86 87 105 116 143
145 0 96 99 100 116 147 271
146 87
147 115
148 0 21 39 64 77 105
149 9
150 24 87 96 108 118 143
151 0 57 91 92 100 101 104 109 194 66
152 95
153 16 104 115
154 21 87 189 210 242 278
155 143
156 0 34 89 95
157 6 165 192 193 254 262 269 277 159
158 0 100 104
159 46 95
160 2
161 87 139 164
162 19 134
163 33 87 104 116 206 288 23
164 100 209 230 244
165 34 87
166 31 94 97 106 111 137 138 145
167 43 65 88 89 115 137 138
168 0 142 196
169 137
170 2 82 84 111
171 81 82 88 90 92 96 99 102 126 160 247
172 135
173 0 13 29 40 70 96 98 99 127 142 143
174 130
175 94
176 130 134
177 0 9 138
178 39 80 95 122
179 27 46 70 77 83 93 99 112 135
180 87 100 102 104 126
181 12 53 55 103 135
182 34 36 95 96
183 13 41 60 134
184 104 116 124
185 96
186 0 37 87
187 0
188 75 77
189 34 83 85 93 96 98 118 129 134 62
190 75 98 100 102 126 138 143
191 26 50 81 96 99 102 143 153 161 294
192 55
193 87 116 123 126 142
194 0 77 118
195 0 77 81 84 104
196 3
197 3 92 99 114
198 8 104 120
199 2 8 76 84 92 144
200 9 46 87 119 129 142
201 118
202 8 20 25 72 81 93 99 117 124 131 134 142
203 95 99 139 141
204 24 56 115
205 36 115 118
206 59 135
207 20 39 42 65 132 137 143
208 51 123
209 26 79 85 95 96 100 101 102 104 134
210 96 97 101 111 113 118
211 0 122 140
212 0 16 18 24 104 135 137
213 15 68 76 100 174 250
214 7 12 97 105 129 130
215 33 73
216 3 41 118 125
217 32 48 111 135
218 69 75 86 92 95 111 144
219 4 10 72 115
220 84
221 90
222 0 71 74 76 81 83 91 94 95 98 99 100 102 105 127 133 143 249
223 103 104 108 112
224 57 68 94 95 99 119 129 134 140
225 51 138 180
226 68 104 129 150 184 177
227 0 81 82 83 84 85 93 104 111 122 126 141
228 100 135
229 0 46 84
230 0 9 77 98 117 133 135
231 22 98 137
232 85
233 76 210
234 110 131
235 99 130 144
236 77 80 94 96 97 110 178 185 211 245 247
237 0 21 96 113 143 188
238 56 68 109
239 87 115 117
240 0 36 47 56 73 81 82 94 96 99 107 123 136 1
241 0 70 93 94
242 73 99 132
243 0 87 117
244 145
245 84 91 92 93 95 96 98 100 101 102 105 112 284
246 9 24 117 130
247 21 46 89 94 97 105 133 134
248 59
249 11 33 40 52 55 100 210
250 76 84 133
251 40 75 118 120 135
252 76
253 14 93
254 51 77 95
255 48 117 122
256 17 46 68 95 99 117 136
257 0 65 77 135 139
258 2 59
259 138
260 59
261 46 87 89 96 117 131 285
262 75 87 95 99 114 115 128 135 138
263 65 133 137 191 192 225 246 275
264 68 69 94 95 100 112 117 122 133
265 34 46 100 106
266 0 75 85 109 117 118 140 289
267 71 94 97 99 100 119 140
268 3 43 46 68 101 115 117 141
269 99 100 104
270 100 133
271 55 98 126 141
272 102 130 142 208 210 260
273 19 34 46 96 99 116 122 131 285
274 6 32 80 96 130 169
275 0 24 89 111 126 133 142
276 84
277 2 6 7 24 49 77 90 162 184 201 204 244 251 262 288 291
278 46
279 10
280 76
281 30 93 140 143
282 72 115 137
283 10 24 93 130
284 35 45 113 120 140 146 187
285 7 92 100 118 133
286 0 78 93 94 96 98 105 140 143 144 179 195 196 221
287 0 111 117 135
288 0 115 117 134
289 95
